-3.856069355520340691e-01 -4.349936619939812066e-01 -1.000000000000000000e+00
-1.805142036413466045e+00 -1.988139749309066895e-01 -1.000000000000000000e+00
-1.284424636152209087e-01 -1.226698483229798908e+00 -1.000000000000000000e+00
1.983470814212339450e-01 9.246769597525476003e-01 -1.000000000000000000e+00
-3.332540038506192070e-01 -1.861211910988335161e+00 -1.000000000000000000e+00
1.011072232078063848e+00 1.235715331653002513e+00 -1.000000000000000000e+00
3.707197325074358396e-01 -5.361460350008351305e-01 -1.000000000000000000e+00
3.682863372330999474e-01 1.103824344647962086e+00 -1.000000000000000000e+00
9.902622617766668744e-01 -1.409892888128297050e+00 -1.000000000000000000e+00
1.156188892449912242e-01 4.304728588514808441e-02 -1.000000000000000000e+00
9.957717758822227927e-02 -3.089770898624381035e-01 -1.000000000000000000e+00
-1.239858385651775585e-01 -6.707506625710236703e-01 -1.000000000000000000e+00
7.560817327505815477e-01 5.830653268591175220e-02 -1.000000000000000000e+00
-9.040279976096012859e-01 1.824134239614945141e+00 -1.000000000000000000e+00
-8.953540467632812305e-01 -4.172058160343475874e-01 -1.000000000000000000e+00
1.870149881093431610e+00 -1.766300163854283289e-01 -1.000000000000000000e+00
-4.484469755193127849e-01 -2.089371150058431936e-01 -1.000000000000000000e+00
-3.315433785220154306e-01 9.459393714296475408e-02 -1.000000000000000000e+00
-2.048334415018917110e+00 1.950525037467747136e-01 -1.000000000000000000e+00
2.937010320737817870e-01 -2.528702102529291063e-01 -1.000000000000000000e+00
5.111173048833367316e-01 2.621752538798671206e-01 -1.000000000000000000e+00
3.819575056599597285e-01 -2.639192498466041426e-01 -1.000000000000000000e+00
-3.158383166526840813e-01 -3.003138761837144122e-01 -1.000000000000000000e+00
3.075389817376654733e-01 4.951300769911295280e-02 -1.000000000000000000e+00
-1.976070328784229391e+00 1.194561778928592055e+00 -1.000000000000000000e+00
-1.597118052745221117e+00 7.674849185027500242e-01 -1.000000000000000000e+00
-6.482959817254807522e-01 -1.591880915263816643e-01 -1.000000000000000000e+00
-4.216182302738495924e-01 1.210818528045955800e+00 -1.000000000000000000e+00
1.557829330490134168e-01 -1.088897677210076687e+00 -1.000000000000000000e+00
-1.512200034373095692e+00 1.327107870992537686e-01 -1.000000000000000000e+00
8.337288052574564068e-01 1.828159536017725406e+00 -1.000000000000000000e+00
9.679270448821809536e-01 -1.342012825964163936e+00 -1.000000000000000000e+00
-2.256854472856373861e-01 1.562790095428538306e+00 -1.000000000000000000e+00
-1.739269503453971133e+00 1.084790364349973224e+00 -1.000000000000000000e+00
-8.844189998282798726e-01 -1.177771987646072605e+00 -1.000000000000000000e+00
1.104068799288837388e+00 1.785331126993347228e-01 -1.000000000000000000e+00
1.131462732747139655e-01 -1.685085232489546225e+00 -1.000000000000000000e+00
9.871737052453574135e-01 7.510850372317176560e-02 -1.000000000000000000e+00
4.030230897105624988e-01 -2.088856687238467291e+00 -1.000000000000000000e+00
-1.706063995702948199e+00 -1.260915944234212605e+00 -1.000000000000000000e+00
-7.467158583680690853e-01 7.196216917832826132e-01 -1.000000000000000000e+00
3.515047446935908870e-01 7.012254439382882287e-01 -1.000000000000000000e+00
1.363702081224639651e+00 6.365220298155649381e-01 -1.000000000000000000e+00
3.951714566018551533e-01 -1.236859269942480966e+00 -1.000000000000000000e+00
6.855195207638961064e-01 -1.374028277066955961e-01 -1.000000000000000000e+00
-1.579828120051940621e+00 -2.646915095112468141e-01 -1.000000000000000000e+00
-1.456235818870616372e+00 -6.256533356934578238e-01 -1.000000000000000000e+00
1.057517055157357833e+00 -3.652075946344867097e-01 -1.000000000000000000e+00
2.642505828571739546e+00 5.204862888574374180e-01 -1.000000000000000000e+00
-3.204402229127129575e-01 -9.907582414331552734e-01 -1.000000000000000000e+00
1.393213571757090374e+00 2.152396858891660880e+00 1.000000000000000000e+00
8.809857486636731849e-01 3.579377256823246256e-01 1.000000000000000000e+00
1.305882423750033716e+00 1.972197137266706646e+00 1.000000000000000000e+00
1.400547198894049217e+00 2.041237049978058771e+00 1.000000000000000000e+00
1.862484480120832231e+00 -3.835545814506780005e-02 1.000000000000000000e+00
1.992288609722187465e+00 1.029687431167870759e+00 1.000000000000000000e+00
1.845044541433766172e+00 2.575655201481738210e+00 1.000000000000000000e+00
1.677565174569650708e+00 1.756983541899427959e+00 1.000000000000000000e+00
3.902738183140781913e+00 5.961764356114100938e-01 1.000000000000000000e+00
1.330972318805297760e+00 2.944094627300728906e+00 1.000000000000000000e+00
1.627807408854320403e-01 1.825819837271807522e+00 1.000000000000000000e+00
2.531939881763617617e+00 1.982898962952565070e+00 1.000000000000000000e+00
1.160286505413841152e+00 1.471403433528504445e+00 1.000000000000000000e+00
2.001768688897693327e+00 2.381628477728428894e+00 1.000000000000000000e+00
2.396282048431703338e+00 1.599808728482464026e+00 1.000000000000000000e+00
1.763282044040499041e+00 2.514558451744130174e+00 1.000000000000000000e+00
3.778792421260924073e+00 2.108856748186704433e+00 1.000000000000000000e+00
8.070053321834511628e-01 3.259687812758497394e+00 1.000000000000000000e+00
2.301437329531569098e+00 2.252316924970579670e+00 1.000000000000000000e+00
2.426213865011451976e+00 2.769630222622193827e+00 1.000000000000000000e+00
2.240280507704737190e+00 1.834380401089619417e+00 1.000000000000000000e+00
1.899940601524021888e+00 2.256188697948374511e+00 1.000000000000000000e+00
3.573687420032888529e+00 1.430489488781302887e+00 1.000000000000000000e+00
2.810364355221257604e+00 1.459873685133021848e+00 1.000000000000000000e+00
2.178823594561371202e+00 2.489245837782312787e+00 1.000000000000000000e+00
1.270137027695095622e+00 2.237284525794145829e+00 1.000000000000000000e+00
2.503567544985837667e+00 1.879166980453705893e+00 1.000000000000000000e+00
2.805922919026577311e+00 1.335843246861591727e+00 1.000000000000000000e+00
2.237707067563342811e+00 9.009795393059025770e-01 1.000000000000000000e+00
3.135020278272371286e+00 3.081064383024151976e+00 1.000000000000000000e+00
2.650711425589109993e+00 2.464898977560383564e-01 1.000000000000000000e+00
2.794897335296050667e+00 4.027158133079895563e+00 1.000000000000000000e+00
2.290431050636033916e+00 3.527446783204686742e+00 1.000000000000000000e+00
1.184155651916129148e+00 4.063238618323085305e+00 1.000000000000000000e+00
1.623521050299663537e+00 1.640824714637949988e+00 1.000000000000000000e+00
1.757160743746500442e+00 2.497203864196110956e+00 1.000000000000000000e+00
1.960660297124879659e+00 2.821859699876264393e+00 1.000000000000000000e+00
1.144188059109518374e+00 9.655535302224413918e-01 1.000000000000000000e+00
1.794217119587012021e+00 2.181513457193442029e+00 1.000000000000000000e+00
3.417337966613164024e+00 1.409728501506132714e+00 1.000000000000000000e+00
2.107149837259699510e+00 3.543722358329150168e+00 1.000000000000000000e+00
2.089121455389308935e-01 6.089454005246339729e-01 1.000000000000000000e+00
1.838046670763426871e+00 -3.411105217283898483e-01 1.000000000000000000e+00
1.958560187804883279e+00 1.662324015624284446e+00 1.000000000000000000e+00
1.423798865033137240e+00 5.802026671620561515e-01 1.000000000000000000e+00
1.784099319446942111e+00 6.987457108342094436e-01 1.000000000000000000e+00
2.335535135753977531e+00 2.312019937565663597e+00 1.000000000000000000e+00
2.663747674272483934e+00 2.727990910917015732e+00 1.000000000000000000e+00
2.079392625142156614e+00 9.551339674274306191e-01 1.000000000000000000e+00
1.757442179561818918e+00 1.325738262140045975e+00 1.000000000000000000e+00
