5.734228057302258597e-01 1.306102520126756650e+00 -1.000000000000000000e+00
-6.503911384639776694e-01 -7.810782648324174904e-01 -1.000000000000000000e+00
-1.288154682332652179e+00 -6.165305351340891887e-02 -1.000000000000000000e+00
-1.437842896672195003e+00 -5.422557949202598815e-01 -1.000000000000000000e+00
3.412119631560699418e-01 -9.647624693152725972e-02 -1.000000000000000000e+00
1.495293271661195744e+00 8.356689785137703108e-01 -1.000000000000000000e+00
-2.113269611960433281e-01 -1.774704286402308262e-01 -1.000000000000000000e+00
-7.281304541494741933e-01 1.392594735999301392e+00 -1.000000000000000000e+00
2.790050415612538859e-01 -9.409915945378529711e-01 -1.000000000000000000e+00
-2.916575473109491168e-01 1.169365628634349896e+00 -1.000000000000000000e+00
2.465687592612541001e-01 -9.008047829662707562e-01 -1.000000000000000000e+00
-9.789597874332528482e-01 1.871986916561046099e+00 -1.000000000000000000e+00
-6.759613025552285714e-01 -2.882527982196675942e-01 -1.000000000000000000e+00
1.543424939587169309e+00 -1.354350072160509733e+00 -1.000000000000000000e+00
3.391282635325549299e-01 5.300723475801780715e-01 -1.000000000000000000e+00
-5.384081662918352995e-01 6.498161944706020154e-01 -1.000000000000000000e+00
2.823104356097187462e-01 -1.963787897518582681e-01 -1.000000000000000000e+00
5.760855332158040243e-01 1.912366451004414783e-02 -1.000000000000000000e+00
-7.275120555423422175e-01 -5.091175507689442714e-01 -1.000000000000000000e+00
4.105229862582175926e-01 -5.946147492714606297e-01 -1.000000000000000000e+00
9.030356703548200192e-01 -1.721523579911868662e+00 -1.000000000000000000e+00
4.443997438481573914e-01 3.640520745927362523e-01 -1.000000000000000000e+00
1.044130020236914563e-01 -5.332752680328526652e-03 -1.000000000000000000e+00
9.469541768251286129e-01 3.611097201795715472e-01 -1.000000000000000000e+00
-3.458177691720132341e-01 -1.631783069297062516e+00 -1.000000000000000000e+00
-1.143632930319870948e-02 -3.497988101986603260e-01 -1.000000000000000000e+00
5.924780178441932943e-01 -1.856726530532604613e+00 -1.000000000000000000e+00
-9.381788022761109458e-01 -5.915636288048613523e-01 -1.000000000000000000e+00
-3.356025579171838524e-01 1.109762056181304191e+00 -1.000000000000000000e+00
-9.382438128850784098e-01 -1.448622617769888543e-01 -1.000000000000000000e+00
-3.152419332847609112e-01 -5.865847819902414439e-01 -1.000000000000000000e+00
3.616525048982006108e-01 3.424730645034395615e-01 -1.000000000000000000e+00
-1.354732628100169478e+00 -1.327323444137461950e+00 -1.000000000000000000e+00
1.349439783811992921e+00 1.204615159512247624e+00 -1.000000000000000000e+00
-1.070118588063107001e+00 5.957011524594322260e-01 -1.000000000000000000e+00
6.718158316853632961e-01 -5.291215813679354119e-01 -1.000000000000000000e+00
-7.211100891241427613e-01 8.340657692204462847e-01 -1.000000000000000000e+00
1.810816392199629865e+00 -9.930832760294138195e-01 -1.000000000000000000e+00
-1.435474643913541959e+00 1.573807401633712910e+00 -1.000000000000000000e+00
9.548541099916633135e-01 3.599559859295050623e-01 -1.000000000000000000e+00
4.433261939509700045e-01 -1.929964350748906154e+00 -1.000000000000000000e+00
1.866053395120999214e+00 9.628002098848194024e-01 -1.000000000000000000e+00
2.706184004109938451e-02 5.638516337390972466e-02 -1.000000000000000000e+00
7.445538308126273819e-01 1.292931702277032580e+00 -1.000000000000000000e+00
6.273748082527058623e-01 4.759981143023344075e-01 -1.000000000000000000e+00
-7.464459337227773439e-01 -5.237413089892705154e-01 -1.000000000000000000e+00
7.248389066979795681e-01 1.928330835482439110e-01 -1.000000000000000000e+00
-1.066018585789176021e-01 1.884864141647871971e+00 -1.000000000000000000e+00
9.266711414152920545e-01 1.356889101058409652e+00 -1.000000000000000000e+00
2.312832912750732162e-01 -1.505934925129145396e+00 -1.000000000000000000e+00
4.953925378017251191e+00 2.371653272967769066e+00 1.000000000000000000e+00
3.542982520742604891e+00 3.202687657675192145e+00 1.000000000000000000e+00
4.114948459246693169e+00 1.577152743482255870e+00 1.000000000000000000e+00
2.283528624549040931e+00 4.080547464931983725e+00 1.000000000000000000e+00
3.365334312624167712e+00 2.507309167588783083e+00 1.000000000000000000e+00
4.561538170636990408e+00 4.886051278389595964e+00 1.000000000000000000e+00
3.981192970363701011e+00 3.925166276440968272e+00 1.000000000000000000e+00
3.329068755555907533e+00 2.722831199760927134e+00 1.000000000000000000e+00
2.899802103560431554e+00 3.317803821791287078e+00 1.000000000000000000e+00
1.579067544635991416e+00 2.562518617014148514e+00 1.000000000000000000e+00
2.335189531440136079e+00 3.847256080164510816e+00 1.000000000000000000e+00
3.286226752805402995e+00 2.911533001545858035e+00 1.000000000000000000e+00
1.868295669578816653e+00 2.361200518734908993e+00 1.000000000000000000e+00
4.458876189086074859e+00 3.340914568840509968e+00 1.000000000000000000e+00
3.087260322252950218e+00 1.915233698681493291e+00 1.000000000000000000e+00
4.261192523092952378e+00 5.187970818824115149e+00 1.000000000000000000e+00
3.581539296185996424e+00 4.381923941718460114e+00 1.000000000000000000e+00
4.436830384489351076e+00 3.139883279521677117e+00 1.000000000000000000e+00
2.762562871146834187e+00 3.770563826789273154e+00 1.000000000000000000e+00
1.703544649258359023e+00 4.665472734292738899e+00 1.000000000000000000e+00
1.489558149065941750e+00 3.221739872659628467e+00 1.000000000000000000e+00
3.298101355424551073e+00 5.013337939616086203e+00 1.000000000000000000e+00
5.314413773955857678e+00 3.721041050800647287e+00 1.000000000000000000e+00
2.083243535299059257e+00 3.936388240718411868e+00 1.000000000000000000e+00
3.007146308399765378e+00 2.342339188394302774e+00 1.000000000000000000e+00
3.391278913216009272e+00 2.561457367672362651e+00 1.000000000000000000e+00
4.330897258242611514e+00 4.409599613666795648e+00 1.000000000000000000e+00
2.842306436508440726e+00 2.123563729324913218e+00 1.000000000000000000e+00
3.205195336935565908e+00 1.721761329295834031e+00 1.000000000000000000e+00
2.364008576574186726e+00 3.667183828786554578e+00 1.000000000000000000e+00
1.934237795831673434e+00 2.750360186636704007e+00 1.000000000000000000e+00
3.651372585867594278e+00 2.304773205240787881e+00 1.000000000000000000e+00
1.070974126486955669e+00 2.882249755257868973e+00 1.000000000000000000e+00
1.750878729768518660e+00 2.528665373946652473e+00 1.000000000000000000e+00
3.315261477970127935e+00 2.392498042091649069e+00 1.000000000000000000e+00
1.282764305367709134e+00 3.881109816211501418e+00 1.000000000000000000e+00
4.078455540491973785e+00 2.095052505375118113e+00 1.000000000000000000e+00
8.098758592544328394e-01 3.637300299639330436e+00 1.000000000000000000e+00
2.046642686355188978e+00 2.715116526640723116e+00 1.000000000000000000e+00
1.448925490453776721e+00 2.859576310094013696e+00 1.000000000000000000e+00
3.936269548964154819e+00 3.030570690646464005e+00 1.000000000000000000e+00
2.243184829719996554e+00 3.050308214730110823e+00 1.000000000000000000e+00
4.975150601782738491e+00 3.336649524412308665e+00 1.000000000000000000e+00
4.670952935264136130e+00 2.755165650474209471e+00 1.000000000000000000e+00
2.741568619676054475e+00 1.528209620753805842e+00 1.000000000000000000e+00
3.135950829619559510e+00 2.777550393634760084e+00 1.000000000000000000e+00
1.589147336174016711e+00 2.932267392112112958e+00 1.000000000000000000e+00
2.492927180280601007e+00 4.031958862982035541e+00 1.000000000000000000e+00
2.195681007966622911e+00 3.505613953951003836e+00 1.000000000000000000e+00
2.834158352590158358e+00 1.898414344638628348e+00 1.000000000000000000e+00
